3888
2204
4335
2866
1169
3127
89
3070
3953
2246
3771
4928
1865
4573
14
1191
3605
3012
1330
2783
1723
482
4721
1636
612
4207
2761
3315
716
153
498
4170
1829
746
3472
3636
922
3467
1107
4420
2561
4573
1340
421
4548
1403
4156
685
3282
4977
3432
4883
3847
3906
4992
3151
4434
250
678
1572
2143
2920
2975
3159
2539
933
2068
1925
2747
2977
3042
4189
4696
4097
1470
231
3121
3524
268
4252
211
1820
3500
357
3181
1675
4975
841
4506
1808
1459
639
2243
302
3552
2266
4083
2820
4933
427
4211
3763
3018
1711
2783
2310
3733
3902
3941
1966
1373
3808
4497
2984
1491
1551
1802
4972
55
2198
2800
1471
1980
71
4108
328
2028
951
2957
4478
4126
1269
196
2642
2290
968
1881
4320
4115
3911
4013
2898
2152
3645
1329
3677
2387
377
2280
2704
4221
3647
1754
2335
4268
2089
234
31
224
1080
4572
2178
3444
1134
1977
1641
3566
3865
482
4587
4672
2113
322
3422
3533
4821
761
3316
1631
4753
4563
2847
3019
3155
4615
1319
141
1274
254
311
598
3404
4383
1640
3109
806
2894
1548
2557
2218
4437
4029
1022
1737
4377
4908
3229
4757
2014
588
3334
2915
2651
675
2724
1162
742
2560
2545
1473
3572
2996
1441
244
1714
3997
3635
3977
1470
465
4868
2796
3744
1953
2683
794
1838
64
2952
3003
2292
1650
3543
2426
1806
4231
1202
4105
2724
1330
4102
3807
3186
4969
4104
2047
3770
3766
404
1864
3339
4408
3239
4272
3604
429
871
4538
4673
2557
2870
140
2640
4096
2957
2517
1396
1114
3909
1849
4459
1102
2064
4052
377
3516
2989
2340
3347
4906
2317
3188
4975
2630
1215
1031
2125
267
4985
3101
3379
3473
2157
2784
3334
3111
4035
3152
3274
1497
1392
1681
2087
899
2195
4283
434
2940
2503
1125
2549
1731
202
4552
2527
349
107
1402
1601
1338
1613
2430
1557
1508
2556
4475
178
4972
839
2988
4082
4393
1641
3674
804
4322
51
1038
3218
4140
3985
2404
3829
2916
3183
3399
4233
231
2282
169
1271
4027
3002
845
3497
4496
3325
4979
3072
589
1060
2855
512
1899
886
3466
691
463
69
2045
254
928
4627
230
4860
1868
4810
3895
1693
3776
2759
3470
4450
2589
1981
3202
715
4972
2764
482
2968
1165
2443
1004
3978
4917
1120
2276
103
1618
1873
1010
3953
3572
2787
3321
2603
2783
4867
3127
3974
2807
1596
4391
2963
528
1889
2797
3157
2184
4624
1040
4432
3608
2286
2066
2814
3429
839
977
4808
4035
1416
2972
4490
1279
4882
4729
2263
3100
2751
2539
3067
2907
2707
4117
4902
3768
584
1418
3275
1680
2641
3008
2867
1163
2432
2756
2723
3255
351
4225
2692
4403
604
4305
829
2050
1341
3978
743
2547
1406
3591
1873
2316
551
1911
1538
1608
2245
1000
1738
4832
1500
3923
2541
3756
1086
3962
3210
3616
3813
3185
2945
2237
1610
1960
4836
4310
3973
4109
2783
2911
3269
2512
1120
202
609
2393
3198
2375
3939
1242
4263
3448
4729
2575
1469
2123
3463
3390
425
1165
414
3712
958
4352
2518
2013
1299
1727
999
4520
3111
4196
4017
2519
4926
764
1578
1197
1869
3113
4332
2101
4329
3007
1546
1031
1699
4520
888
1959
2136
281
4373
4476
3634
890
4010
4259
1519
4654
474
3572
2468
177
4048
3147
2943
3278
697
637
4476
4277
3728
4602
4503
3274
4457
67
4132
3052
3400
1158
200
2748
596
4324
2269
2553
1802
2455
3338
2293
4221
3226
4295
662
369
2348
2977
2350
2840
673
1011
349
941
1153
525
4939
1232
1099
4125
4365
1374
1451
4492
2894
1830
3298
160
1185
2315
3753
4664
3734
2673
1375
2062
85
2339
3543
3553
1689
1388
170
2909
2933
2397
771
4015
3047
3399
2914
2665
329
4639
2480
4414
4341
4545
79
2447
4582
2582
1142
472
2606
1960
4468
1675
997
716
541
4995
1437
3530
2790
2193
369
3583
1794
3063
2594
2763
422
2582
3933
1670
1797
553
770
3925
4043
1344
4214
1659
3834
4374
3195
2755
1566
1105
4837
1382
4343
3864
3668
1265
940
1653
3370
1748
1441
2101
579
2688
3848
3693
4233
743
3555
3209
1642
1384
4677
1468
4729
1181
690
4436
1368
2657
4810
1395
355
1910
3866
3972
1146
1305
726
3772
4988
4604
4558
1881
1218
4060
1199
2255
4232
4499
4871
2029
4298
2136
2050
648
3219
1336
4493
2227
4465
4704
243
3494
4918
340
3692
4264
1032
1639
3565
4562
1499
512
152
69
1002
4367
1153
3303
2450
4573
1701
729
3596
4391
719
4183
1440
2420
566
1339
3315
209
2739
88
1237
881
655
83
2178
3040
2156
2496
2933
974
4791
1385
3594
4875
792
3573
3329
3045
2295
2964
891
868
2685
2241
1887
2669
2104
3925
3908
2790
33
980
697
3279
60
1296
1873
3590
4087
4401
3218
3168
552
759
1287
4980
3649
1378
3679
2559
4514
2442
1935
386
20
1607
2584
4044
3215
4594
2564
1425
1110
543
3389
1073
647
2696
3124
49
2609
3787
2260
2912
622
2540
2770
2816
170
885
2758
3472
1935
2182
1598
489
3393
1105
1693
82
1858
2375
892
421
1176
178
3023
4386
721
3013
1724
1411
3560
962
745
664
4585
2886
3916
1516
1123
1460
4074
2764
3502
828
1524
1234
2499
3644
930
508
232
3880
471
420
4208
1972
2593
106
2550
1358
4476
3456
3399
593
2689
1020
334
3986
820
492
3867
3459
4752
2538
4332
3947
4080
3505
4738
1993
4486
3901
3319
1083
1611
4806
62
3814
2703
1404
1915
3945
2301
4310
4871
594
1698
1201
1497
181
1397
4040
4585
3503
1832
4892
3370
3579
1342
1461
2827
4506
4068
2609
1409
3586
1440
175
4418
848
2023
4980
2102
3367
4612
2327
3706
2753
3741
3553
543
46
1000
4284
965
4391
4097
4435
257
1188
1604
4364
510
217
1013
3542
3147
3585
245
3662
3148
354
1441
2865
489
1635
3270
856
2208
4512
2293
3095
4570
1540
3211
1704
2622
2005
890
1287
1702
4003
4938
3726
1578
1303
936
4430
486
751
4703
1204
3548
3081
3038
1001
4136
3141
4909
4508
4068
4997
3551
464
1815
1186
2179
3968
3666
975
2714
2342
8
1680
1965
4110
3442
1027
710
306
3322
226
4215
2241
2513
1890
1219
357
84
3656
4931
3905
357
2836
815
85
1435
2274
4843
4017
1461
1104
4016
3065
4615
4868
292
854
3726
2967
2576
3259
1826
4644
3434
2575
960
1816
2432
3872
1112
3241
2464
1157
532
1872
546
1546
1170
4777
3432
1005
2555
906
4753
791
2199
3582
3937
4525
1159
2011
2651
3411
1660
3556
1424
1527
4441
4928
2019
2171
2516
2372
3764
2103
4053
1038
2210
1215
4314
1623
4247
1888
1617
4969
2657
87
91
4726
4946
4137
965
3765
3750
1427
3057
3879
4907
978
2499
4448
1133
4134
3500
3316
3394
3994
4720
3016
2660
3005
3784
2526
2851
4283
107
3804
1429
4711
2301
3655
222
2818
4369
4201
1071
3419
4445
3003
1323
1181
2610
740
4160
4697
3538
1796
1146
2480
4833
2268
4164
3335
61
711
1840
4574
3496
4080
2098
847
1742
3094
3921
2296
3640
2906
1802
4242
872
4828
4893
2656
4592
699
1310
3655
984
3522
3912
4441
265
4196
1096
3845
4064
3472
4675
3145
1847
1973
1860
4575
3812
2461
4980
3331
2166
4703
4770
4206
994
3319
3191
2800
259
1695
655
70
2123
730
1352
4222
1869
4192
833
322
3961
1859
4521
2284
4502
187
2236
36
3486
2957
4666
1540
4181
89
2778
4163
2588
369
247
2824
3408
3742
4038
163
4901
3763
3554
4280
2062
3137
1240
252
4303
3600
4462
3070
3215
4140
3350
1071
2985
4486
2774
4193
4842
1068
4586
4956
97
3035
4581
1768
479
2138
4313
2455
1831
884
4977
2298
1293
116
2683
410
4307
4747
567
1091
2062
3119
178
639
3382
2998
4761
4835
2051
787
4164
1803
2062
4911
4321
3806
4219
600
4111
3466
2978
4559
4638
1377
2641
3196
421
4086
309
4355
3521
4376
2424
916
86
2924
4613
810
2940
2542
2132
423
2394
1859
4597
2793
4514
2439
3436
722
3287
2260
2839
827
2085
650
4561
4295
4051
887
652
64
2811
3839
308
524
4118
3658
24
4515
2606
1585
2711
4692
530
1027
3888
1302
3700
2815
3903
3088
2710
1414
3557
198
4663
1396
4968
902
1911
603
2957
3130
439
760
2517
3717
3607
1860
919
2136
3717
2988
2134
3312
393
1481
2398
775
1640
4552
4739
2085
4217
2559
1196
4957
1587
2886
1797
4636
1991
2955
426
3414
4323
833
306
940
1258
4064
4211
3913
2070
4617
2654
4025
4120
2084
1906
4233
2172
1952
848
598
1756
4336
1531
4474
2631
2835
2794
3461
35
3182
1061
4829
4974
276
4069
2983
1652
3649
2223
3223
1122
1145
4676
3933
3773
1511
4783
1463
2603
2532
873
901
894
4469
2408
3909
4599
910
2873
848
4220
143
1535
2739
2867
2413
2352
4689
1693
1638
1319
3568
2522
903
1197
4739
3421
1473
4191
4738
1411
4163
3185
3723
3227
1066
3922
1181
124
2574
239
4499
1123
412
3066
1665
2461
3291
3648
1358
2129
2483
4176
638
4650
2390
893
9
2463
1300
815
2474
4477
4718
4208
938
4070
3192
2543
1162
2222
599
4139
2508
2300
4201
1496
3661
1415
71
2715
803
1932
1596
4042
1089
2969
1217
413
3918
4310
4984
2093
4911
1010
1855
3151
1342
979
424
4388
1334
1991
4087
1038
399
712
3780
1603
3713
4442
1525
3105
917
1521
1180
2880
2728
1674
185
573
4382
1439
2904
3042
3350
2108
1320
1246
253
1811
1871
3631
1273
2278
724
2870
444
4468
4231
4529
99
2657
4123
4041
551
4395
3077
1063
753
2139
2175
2818
3815
942
2518
1346
918
2385
2510
3606
1248
254
2244
880
1338
4298
548
3510
3782
3442
1470
271
4971
4
1718
1771
2143
3317
2309
4311
3086
2153
4565
386
1442
187
4766
354
4472
2497
4733
3966
689
1208
4567
1062
548
4186
2734
3019
2110
2719
4621
2281
3215
3191
934
2354
1740
3503
2390
2758
4830
1947
3054
4302
3909
1280
3207
426
1457
579
1076
1147
582
4751
4278
76
261
61
3383
2890
558
2876
1145
1683
2543
2360
1264
744
2724
840
2481
1483
2059
1647
1393
268
3598
3147
3855
1714
3302
4662
3894
2350
83
2985
1179
2457
1262
342
4836
1998
2690
590
338
1615
4340
2873
2654
4003
1478
2025
2250
1809
3490
2098
2455
1574
2230
4189
2301
3572
2066
2797
2049
1305
4311
402
3801
2788
1542
2262
3248
4548
1659
4707
2061
412
3456
2947
4617
3459
2095
4306
4533
1540
3491
1795
3110
4190
2615
3974
298
4441
1978
3451
886
4180
562
4053
647
1302
1690
234
4335
2522
2169
2751
4576
732
116
1700
4906
1955
460
3986
808
2646
2788
4151
2962
2200
3678
1226
2721
1054
1812
3306
521
555
4930
4689
3716
3028
3011
1809
1349
1887
3320
4375
202
2020
2896
1632
3331
3668
4600
3086
900
1123
2987
1831
1239
1556
3252
4786
4761
1478
1533
3051
4598
1949
4424
932
1183
4021
2098
3847
813
478
2949
963
1585
4598
4311
2311
386
4871
1627
1588
1682
2235
367
258
1313
2996
3022
472
4330
515
3898
3620
4496
2133
3965
2207
4498
4875
797
156
3433
1327
3391
2686
3534
568
3546
4585
4760
3568
4355
3731
3244
273
2308
4813
4559
1907
4389
4968
2099
815
841
4958
4366
1489
176
877
772
1176
4480
4612
1956
3220
3031
779
1954
2132
3296
765
942
455
