243
138
337
271
342
180
74
196
6
192
248
141
330
415
236
354
443
308
117
286
1
339
320
75
226
189
84
174
464
108
31
296
420
103
39
263
352
420
173
349
208
409
432
45
10
471
32
420
469
339
261
115
47
217
485
228
58
339
217
498
70
277
161
452
319
286
84
500
357
454
27
285
88
260
418
43
206
312
215
343
306
241
245
312
197
278
16
329
372
43
496
99
500
404
340
134
183
482
186
444
354
198
345
159
59
130
121
172
187
191
262
294
415
392
257
92
15
196
422
440
221
17
266
14
114
346
219
23
199
105
396
311
53
386
282
113
92
40
357
141
19
222
142
256
177
309
327
372
27
264
236
189
107
174
145
234
244
357
491
439
247
123
490
86
238
474
282
187
94
97
393
384
113
467
311
4
486
138
469
395
411
175
92
124
408
5
257
21
127
317
60
185
280
258
80
13
475
166
452
404
