4997
4995
4992
4988
4985
4984
4980
4980
4980
4979
4977
4977
4975
4975
4974
4972
4972
4972
4971
4969
4969
4968
4968
4958
4957
4956
4946
4939
4938
4933
4931
4930
4928
4928
4926
4918
4917
4911
4911
4909
4908
4907
4906
4906
4902
4901
4893
4892
4883
4882
4875
4875
4871
4871
4871
4868
4868
4867
4860
4843
4842
4837
4836
4836
4835
4833
4832
4830
4829
4828
4821
4813
4810
4810
4808
4806
4791
4786
4783
4777
4770
4766
4761
4761
4760
4757
4753
4753
4752
4751
4747
4739
4739
4738
4738
4733
4729
4729
4729
4726
4721
4720
4718
4711
4707
4704
4703
4703
4697
4696
4692
4689
4689
4677
4676
4675
4673
4672
4666
4664
4663
4662
4654
4650
4644
4639
4638
4636
4627
4624
4621
4617
4617
4615
4615
4613
4612
4612
4604
4602
4600
4599
4598
4598
4597
4594
4592
4587
4586
4585
4585
4585
4582
4581
4576
4575
4574
4573
4573
4573
4572
4570
4567
4565
4563
4562
4561
4559
4559
4558
4552
4552
4548
4548
4545
4538
4533
4529
4525
4521
4520
4520
4515
4514
4514
4512
4508
4506
4506
4503
4502
4499
4499
4498
4497
4496
4496
4493
4492
4490
4486
4486
4480
4478
4477
4476
4476
4476
4475
4474
4472
4469
4468
4468
4465
4462
4459
4457
4450
4448
4445
4442
4441
4441
4441
4437
4436
4435
4434
4432
4430
4424
4420
4418
4414
4408
4403
4401
4395
4393
4391
4391
4391
4389
4388
4386
4383
4382
4377
4376
4375
4374
4373
4369
4367
4366
4365
4364
4355
4355
4352
4343
4341
4340
4336
4335
4335
4332
4332
4330
4329
4324
4323
4322
4321
4320
4314
4313
4311
4311
4311
4310
4310
4310
4307
4306
4305
4303
4302
4298
4298
4295
4295
4284
4283
4283
4280
4278
4277
4272
4268
4264
4263
4259
4252
4247
4242
4233
4233
4233
4232
4231
4231
4225
4222
4221
4221
4220
4219
4217
4215
4214
4211
4211
4208
4208
4207
4206
4201
4201
4196
4196
4193
4192
4191
4190
4189
4189
4186
4183
4181
4180
4176
4170
4164
4164
4163
4163
4160
4156
4151
4140
4140
4139
4137
4136
4134
4132
4126
4125
4123
4120
4118
4117
4115
4111
4110
4109
4108
4105
4104
4102
4097
4097
4096
4087
4087
4086
4083
4082
4080
4080
4074
4070
4069
4068
4068
4064
4064
4060
4053
4053
4052
4051
4048
4044
4043
4042
4041
4040
4038
4035
4035
4029
4027
4025
4021
4017
4017
4016
4015
4013
4010
4003
4003
3997
3994
3986
3986
3985
3978
3978
3977
3974
3974
3973
3972
3968
3966
3965
3962
3961
3953
3953
3947
3945
3941
3939
3937
3933
3933
3925
3925
3923
3922
3921
3918
3916
3913
3912
3911
3909
3909
3909
3908
3906
3905
3903
3902
3901
3898
3895
3894
3888
3888
3880
3879
3872
3867
3866
3865
3864
3855
3848
3847
3847
3845
3839
3834
3829
3815
3814
3813
3812
3808
3807
3806
3804
3801
3787
3784
3782
3780
3776
3773
3772
3771
3770
3768
3766
3765
3764
3763
3763
3756
3753
3750
3744
3742
3741
3734
3733
3731
3728
3726
3726
3723
3717
3717
3716
3713
3712
3706
3700
3693
3692
3679
3678
3677
3674
3668
3668
3666
3662
3661
3658
3656
3655
3655
3649
3649
3648
3647
3645
3644
3640
3636
3635
3634
3631
3620
3616
3608
3607
3606
3605
3604
3600
3598
3596
3594
3591
3590
3586
3585
3583
3582
3579
3573
3572
3572
3572
3572
3568
3568
3566
3565
3560
3557
3556
3555
3554
3553
3553
3552
3551
3548
3546
3543
3543
3542
3538
3534
3533
3530
3524
3522
3521
3516
3510
3505
3503
3503
3502
3500
3500
3497
3496
3494
3491
3490
3486
3473
3472
3472
3472
3470
3467
3466
3466
3463
3461
3459
3459
3456
3456
3451
3448
3444
3442
3442
3436
3434
3433
3432
3432
3429
3422
3421
3419
3414
3411
3408
3404
3400
3399
3399
3399
3394
3393
3391
3390
3389
3383
3382
3379
3370
3370
3367
3350
3350
3347
3339
3338
3335
3334
3334
3331
3331
3329
3325
3322
3321
3320
3319
3319
3317
3316
3316
3315
3315
3312
3306
3303
3302
3298
3296
3291
3287
3282
3279
3278
3275
3274
3274
3270
3269
3259
3255
3252
3248
3244
3241
3239
3229
3227
3226
3223
3220
3219
3218
3218
3215
3215
3215
3211
3210
3209
3207
3202
3198
3196
3195
3192
3191
3191
3188
3186
3185
3185
3183
3182
3181
3168
3159
3157
3155
3152
3151
3151
3148
3147
3147
3147
3145
3141
3137
3130
3127
3127
3124
3121
3119
3113
3111
3111
3110
3109
3105
3101
3100
3095
3094
3088
3086
3086
3081
3077
3072
3070
3070
3067
3066
3065
3063
3057
3054
3052
3051
3047
3045
3042
3042
3040
3038
3035
3031
3028
3023
3022
3019
3019
3018
3016
3013
3012
3011
3008
3007
3005
3003
3003
3002
2998
2996
2996
2989
2988
2988
2987
2985
2985
2984
2983
2978
2977
2977
2975
2972
2969
2968
2967
2964
2963
2962
2957
2957
2957
2957
2955
2952
2949
2947
2945
2943
2940
2940
2933
2933
2924
2920
2916
2915
2914
2912
2911
2909
2907
2906
2904
2898
2896
2894
2894
2890
2886
2886
2880
2876
2873
2873
2870
2870
2867
2867
2866
2865
2855
2851
2847
2840
2839
2836
2835
2827
2824
2820
2818
2818
2816
2815
2814
2811
2807
2800
2800
2797
2797
2796
2794
2793
2790
2790
2788
2788
2787
2784
2783
2783
2783
2783
2778
2774
2770
2764
2764
2763
2761
2759
2758
2758
2756
2755
2753
2751
2751
2748
2747
2739
2739
2734
2728
2724
2724
2724
2723
2721
2719
2715
2714
2711
2710
2707
2704
2703
2696
2692
2690
2689
2688
2686
2685
2683
2683
2673
2669
2665
2660
2657
2657
2657
2656
2654
2654
2651
2651
2646
2642
2641
2641
2640
2631
2630
2622
2615
2610
2609
2609
2606
2606
2603
2603
2594
2593
2589
2588
2584
2582
2582
2576
2575
2575
2574
2564
2561
2560
2559
2559
2557
2557
2556
2555
2553
2550
2549
2547
2545
2543
2543
2542
2541
2540
2539
2539
2538
2532
2527
2526
2522
2522
2519
2518
2518
2517
2517
2516
2513
2512
2510
2508
2503
2499
2499
2497
2496
2483
2481
2480
2480
2474
2468
2464
2463
2461
2461
2457
2455
2455
2455
2450
2447
2443
2442
2439
2432
2432
2430
2426
2424
2420
2413
2408
2404
2398
2397
2394
2393
2390
2390
2387
2385
2375
2375
2372
2360
2354
2352
2350
2350
2348
2342
2340
2339
2335
2327
2317
2316
2315
2311
2310
2309
2308
2301
2301
2301
2300
2298
2296
2295
2293
2293
2292
2290
2286
2284
2282
2281
2280
2278
2276
2274
2269
2268
2266
2263
2262
2260
2260
2255
2250
2246
2245
2244
2243
2241
2241
2237
2236
2235
2230
2227
2223
2222
2218
2210
2208
2207
2204
2200
2199
2198
2195
2193
2184
2182
2179
2178
2178
2175
2172
2171
2169
2166
2157
2156
2153
2152
2143
2143
2139
2138
2136
2136
2136
2134
2133
2132
2132
2129
2125
2123
2123
2113
2110
2108
2104
2103
2102
2101
2101
2099
2098
2098
2098
2095
2093
2089
2087
2085
2085
2084
2070
2068
2066
2066
2064
2062
2062
2062
2062
2061
2059
2051
2050
2050
2049
2047
2045
2029
2028
2025
2023
2020
2019
2014
2013
2011
2005
1998
1993
1991
1991
1981
1980
1978
1977
1973
1972
1966
1965
1960
1960
1959
1956
1955
1954
1953
1952
1949
1947
1935
1935
1932
1925
1915
1911
1911
1910
1907
1906
1899
1890
1889
1888
1887
1887
1881
1881
1873
1873
1873
1872
1871
1869
1869
1868
1865
1864
1860
1860
1859
1859
1858
1855
1849
1847
1840
1838
1832
1831
1831
1830
1829
1826
1820
1816
1815
1812
1811
1809
1809
1808
1806
1803
1802
1802
1802
1797
1797
1796
1795
1794
1771
1768
1756
1754
1748
1742
1740
1738
1737
1731
1727
1724
1723
1718
1714
1714
1711
1704
1702
1701
1700
1699
1698
1695
1693
1693
1693
1690
1689
1683
1682
1681
1680
1680
1675
1675
1674
1670
1665
1660
1659
1659
1653
1652
1650
1647
1642
1641
1641
1640
1640
1639
1638
1636
1635
1632
1631
1627
1623
1618
1617
1615
1613
1611
1610
1608
1607
1604
1603
1601
1598
1596
1596
1588
1587
1585
1585
1578
1578
1574
1572
1566
1557
1556
1551
1548
1546
1546
1542
1540
1540
1540
1538
1535
1533
1531
1527
1525
1524
1521
1519
1516
1511
1508
1500
1499
1497
1497
1496
1491
1489
1483
1481
1478
1478
1473
1473
1471
1470
1470
1470
1469
1468
1463
1461
1461
1460
1459
1457
1451
1442
1441
1441
1441
1440
1440
1439
1437
1435
1429
1427
1425
1424
1418
1416
1415
1414
1411
1411
1409
1406
1404
1403
1402
1397
1396
1396
1395
1393
1392
1388
1385
1384
1382
1378
1377
1375
1374
1373
1368
1358
1358
1352
1349
1346
1344
1342
1342
1341
1340
1339
1338
1338
1336
1334
1330
1330
1329
1327
1323
1320
1319
1319
1313
1310
1305
1305
1303
1302
1302
1300
1299
1296
1293
1287
1287
1280
1279
1274
1273
1271
1269
1265
1264
1262
1258
1248
1246
1242
1240
1239
1237
1234
1232
1226
1219
1218
1217
1215
1215
1208
1204
1202
1201
1199
1197
1197
1196
1191
1188
1186
1185
1183
1181
1181
1181
1180
1179
1176
1176
1170
1169
1165
1165
1163
1162
1162
1159
1158
1157
1153
1153
1147
1146
1146
1145
1145
1142
1134
1133
1125
1123
1123
1123
1122
1120
1120
1114
1112
1110
1107
1105
1105
1104
1102
1099
1096
1091
1089
1086
1083
1080
1076
1073
1071
1071
1068
1066
1063
1062
1061
1060
1054
1040
1038
1038
1038
1032
1031
1031
1027
1027
1022
1020
1013
1011
1010
1010
1005
1004
1002
1001
1000
1000
999
997
994
984
980
979
978
977
975
974
968
965
965
963
962
960
958
951
942
942
941
940
940
938
936
934
933
932
930
928
922
919
918
917
916
910
906
903
902
901
900
899
894
893
892
891
890
890
888
887
886
886
885
884
881
880
877
873
872
871
868
856
854
848
848
848
847
845
841
841
840
839
839
833
833
829
828
827
820
815
815
815
813
810
808
806
804
803
797
794
792
791
787
779
775
772
771
770
765
764
761
760
759
753
751
746
745
744
743
743
742
740
732
730
729
726
724
722
721
719
716
716
715
712
711
710
699
697
697
691
690
689
685
678
675
673
664
662
655
655
652
650
648
647
647
639
639
638
637
622
612
609
604
603
600
599
598
598
596
594
593
590
589
588
584
582
579
579
573
568
567
566
562
558
555
553
552
551
551
548
548
546
543
543
541
532
530
528
525
524
521
515
512
512
510
508
498
492
489
489
486
482
482
482
479
478
474
472
472
471
465
464
463
460
455
444
439
434
429
427
426
426
425
424
423
422
421
421
421
420
414
413
412
412
410
404
402
399
393
386
386
386
377
377
369
369
369
367
357
357
357
355
354
354
351
349
349
342
340
338
334
329
328
322
322
311
309
308
306
306
302
298
292
281
276
273
271
268
268
267
265
261
259
258
257
254
254
254
253
252
250
247
245
244
243
239
234
234
232
231
231
230
226
224
222
217
211
209
202
202
202
200
198
196
187
187
185
181
178
178
178
177
176
175
170
170
169
163
160
156
153
152
143
141
140
124
116
116
107
107
106
103
99
97
91
89
89
88
87
86
85
85
84
83
83
82
79
76
71
71
70
69
69
67
64
64
62
61
61
60
55
51
49
46
36
35
33
31
24
20
14
9
8
4
