500
500
498
496
491
490
486
485
482
475
474
471
469
469
467
464
454
452
452
444
443
440
439
432
422
420
420
420
418
415
415
411
409
408
404
404
396
395
393
392
386
384
372
372
357
357
357
354
354
352
349
346
345
343
342
340
339
339
339
337
330
329
327
320
319
317
312
312
311
311
309
308
306
296
294
286
286
285
282
282
280
278
277
271
266
264
263
262
261
260
258
257
257
256
248
247
245
244
243
241
238
236
236
234
228
226
222
221
219
217
217
215
208
206
199
198
197
196
196
192
191
189
189
187
187
186
185
183
180
177
175
174
174
173
172
166
161
159
145
142
141
141
138
138
134
130
127
124
123
121
117
115
114
113
113
108
107
105
103
99
97
94
92
92
92
88
86
84
84
80
75
74
70
60
59
58
53
47
45
43
43
40
39
32
31
27
27
23
21
19
17
16
15
14
13
10
6
5
4
1
