4
8
9
14
20
24
31
33
35
36
46
49
51
55
60
61
61
62
64
64
67
69
69
70
71
71
76
79
82
83
83
84
85
85
86
87
88
89
89
91
97
99
103
106
107
107
116
116
124
140
141
143
152
153
156
160
163
169
170
170
175
176
177
178
178
178
181
185
187
187
196
198
200
202
202
202
209
211
217
222
224
226
230
231
231
232
234
234
239
243
244
245
247
250
252
253
254
254
254
257
258
259
261
265
267
268
268
271
273
276
281
292
298
302
306
306
308
309
311
322
322
328
329
334
338
340
342
349
349
351
354
354
355
357
357
357
367
369
369
369
377
377
386
386
386
393
399
402
404
410
412
412
413
414
420
421
421
421
422
423
424
425
426
426
427
429
434
439
444
455
460
463
464
465
471
472
472
474
478
479
482
482
482
486
489
489
492
498
508
510
512
512
515
521
524
525
528
530
532
541
543
543
546
548
548
551
551
552
553
555
558
562
566
567
568
573
579
579
582
584
588
589
590
593
594
596
598
598
599
600
603
604
609
612
622
637
638
639
639
647
647
648
650
652
655
655
662
664
673
675
678
685
689
690
691
697
697
699
710
711
712
715
716
716
719
721
722
724
726
729
730
732
740
742
743
743
744
745
746
751
753
759
760
761
764
765
770
771
772
775
779
787
791
792
794
797
803
804
806
808
810
813
815
815
815
820
827
828
829
833
833
839
839
840
841
841
845
847
848
848
848
854
856
868
871
872
873
877
880
881
884
885
886
886
887
888
890
890
891
892
893
894
899
900
901
902
903
906
910
916
917
918
919
922
928
930
932
933
934
936
938
940
940
941
942
942
951
958
960
962
963
965
965
968
974
975
977
978
979
980
984
994
997
999
1000
1000
1001
1002
1004
1005
1010
1010
1011
1013
1020
1022
1027
1027
1031
1031
1032
1038
1038
1038
1040
1054
1060
1061
1062
1063
1066
1068
1071
1071
1073
1076
1080
1083
1086
1089
1091
1096
1099
1102
1104
1105
1105
1107
1110
1112
1114
1120
1120
1122
1123
1123
1123
1125
1133
1134
1142
1145
1145
1146
1146
1147
1153
1153
1157
1158
1159
1162
1162
1163
1165
1165
1169
1170
1176
1176
1179
1180
1181
1181
1181
1183
1185
1186
1188
1191
1196
1197
1197
1199
1201
1202
1204
1208
1215
1215
1217
1218
1219
1226
1232
1234
1237
1239
1240
1242
1246
1248
1258
1262
1264
1265
1269
1271
1273
1274
1279
1280
1287
1287
1293
1296
1299
1300
1302
1302
1303
1305
1305
1310
1313
1319
1319
1320
1323
1327
1329
1330
1330
1334
1336
1338
1338
1339
1340
1341
1342
1342
1344
1346
1349
1352
1358
1358
1368
1373
1374
1375
1377
1378
1382
1384
1385
1388
1392
1393
1395
1396
1396
1397
1402
1403
1404
1406
1409
1411
1411
1414
1415
1416
1418
1424
1425
1427
1429
1435
1437
1439
1440
1440
1441
1441
1441
1442
1451
1457
1459
1460
1461
1461
1463
1468
1469
1470
1470
1470
1471
1473
1473
1478
1478
1481
1483
1489
1491
1496
1497
1497
1499
1500
1508
1511
1516
1519
1521
1524
1525
1527
1531
1533
1535
1538
1540
1540
1540
1542
1546
1546
1548
1551
1556
1557
1566
1572
1574
1578
1578
1585
1585
1587
1588
1596
1596
1598
1601
1603
1604
1607
1608
1610
1611
1613
1615
1617
1618
1623
1627
1631
1632
1635
1636
1638
1639
1640
1640
1641
1641
1642
1647
1650
1652
1653
1659
1659
1660
1665
1670
1674
1675
1675
1680
1680
1681
1682
1683
1689
1690
1693
1693
1693
1695
1698
1699
1700
1701
1702
1704
1711
1714
1714
1718
1723
1724
1727
1731
1737
1738
1740
1742
1748
1754
1756
1768
1771
1794
1795
1796
1797
1797
1802
1802
1802
1803
1806
1808
1809
1809
1811
1812
1815
1816
1820
1826
1829
1830
1831
1831
1832
1838
1840
1847
1849
1855
1858
1859
1859
1860
1860
1864
1865
1868
1869
1869
1871
1872
1873
1873
1873
1881
1881
1887
1887
1888
1889
1890
1899
1906
1907
1910
1911
1911
1915
1925
1932
1935
1935
1947
1949
1952
1953
1954
1955
1956
1959
1960
1960
1965
1966
1972
1973
1977
1978
1980
1981
1991
1991
1993
1998
2005
2011
2013
2014
2019
2020
2023
2025
2028
2029
2045
2047
2049
2050
2050
2051
2059
2061
2062
2062
2062
2062
2064
2066
2066
2068
2070
2084
2085
2085
2087
2089
2093
2095
2098
2098
2098
2099
2101
2101
2102
2103
2104
2108
2110
2113
2123
2123
2125
2129
2132
2132
2133
2134
2136
2136
2136
2138
2139
2143
2143
2152
2153
2156
2157
2166
2169
2171
2172
2175
2178
2178
2179
2182
2184
2193
2195
2198
2199
2200
2204
2207
2208
2210
2218
2222
2223
2227
2230
2235
2236
2237
2241
2241
2243
2244
2245
2246
2250
2255
2260
2260
2262
2263
2266
2268
2269
2274
2276
2278
2280
2281
2282
2284
2286
2290
2292
2293
2293
2295
2296
2298
2300
2301
2301
2301
2308
2309
2310
2311
2315
2316
2317
2327
2335
2339
2340
2342
2348
2350
2350
2352
2354
2360
2372
2375
2375
2385
2387
2390
2390
2393
2394
2397
2398
2404
2408
2413
2420
2424
2426
2430
2432
2432
2439
2442
2443
2447
2450
2455
2455
2455
2457
2461
2461
2463
2464
2468
2474
2480
2480
2481
2483
2496
2497
2499
2499
2503
2508
2510
2512
2513
2516
2517
2517
2518
2518
2519
2522
2522
2526
2527
2532
2538
2539
2539
2540
2541
2542
2543
2543
2545
2547
2549
2550
2553
2555
2556
2557
2557
2559
2559
2560
2561
2564
2574
2575
2575
2576
2582
2582
2584
2588
2589
2593
2594
2603
2603
2606
2606
2609
2609
2610
2615
2622
2630
2631
2640
2641
2641
2642
2646
2651
2651
2654
2654
2656
2657
2657
2657
2660
2665
2669
2673
2683
2683
2685
2686
2688
2689
2690
2692
2696
2703
2704
2707
2710
2711
2714
2715
2719
2721
2723
2724
2724
2724
2728
2734
2739
2739
2747
2748
2751
2751
2753
2755
2756
2758
2758
2759
2761
2763
2764
2764
2770
2774
2778
2783
2783
2783
2783
2784
2787
2788
2788
2790
2790
2793
2794
2796
2797
2797
2800
2800
2807
2811
2814
2815
2816
2818
2818
2820
2824
2827
2835
2836
2839
2840
2847
2851
2855
2865
2866
2867
2867
2870
2870
2873
2873
2876
2880
2886
2886
2890
2894
2894
2896
2898
2904
2906
2907
2909
2911
2912
2914
2915
2916
2920
2924
2933
2933
2940
2940
2943
2945
2947
2949
2952
2955
2957
2957
2957
2957
2962
2963
2964
2967
2968
2969
2972
2975
2977
2977
2978
2983
2984
2985
2985
2987
2988
2988
2989
2996
2996
2998
3002
3003
3003
3005
3007
3008
3011
3012
3013
3016
3018
3019
3019
3022
3023
3028
3031
3035
3038
3040
3042
3042
3045
3047
3051
3052
3054
3057
3063
3065
3066
3067
3070
3070
3072
3077
3081
3086
3086
3088
3094
3095
3100
3101
3105
3109
3110
3111
3111
3113
3119
3121
3124
3127
3127
3130
3137
3141
3145
3147
3147
3147
3148
3151
3151
3152
3155
3157
3159
3168
3181
3182
3183
3185
3185
3186
3188
3191
3191
3192
3195
3196
3198
3202
3207
3209
3210
3211
3215
3215
3215
3218
3218
3219
3220
3223
3226
3227
3229
3239
3241
3244
3248
3252
3255
3259
3269
3270
3274
3274
3275
3278
3279
3282
3287
3291
3296
3298
3302
3303
3306
3312
3315
3315
3316
3316
3317
3319
3319
3320
3321
3322
3325
3329
3331
3331
3334
3334
3335
3338
3339
3347
3350
3350
3367
3370
3370
3379
3382
3383
3389
3390
3391
3393
3394
3399
3399
3399
3400
3404
3408
3411
3414
3419
3421
3422
3429
3432
3432
3433
3434
3436
3442
3442
3444
3448
3451
3456
3456
3459
3459
3461
3463
3466
3466
3467
3470
3472
3472
3472
3473
3486
3490
3491
3494
3496
3497
3500
3500
3502
3503
3503
3505
3510
3516
3521
3522
3524
3530
3533
3534
3538
3542
3543
3543
3546
3548
3551
3552
3553
3553
3554
3555
3556
3557
3560
3565
3566
3568
3568
3572
3572
3572
3572
3573
3579
3582
3583
3585
3586
3590
3591
3594
3596
3598
3600
3604
3605
3606
3607
3608
3616
3620
3631
3634
3635
3636
3640
3644
3645
3647
3648
3649
3649
3655
3655
3656
3658
3661
3662
3666
3668
3668
3674
3677
3678
3679
3692
3693
3700
3706
3712
3713
3716
3717
3717
3723
3726
3726
3728
3731
3733
3734
3741
3742
3744
3750
3753
3756
3763
3763
3764
3765
3766
3768
3770
3771
3772
3773
3776
3780
3782
3784
3787
3801
3804
3806
3807
3808
3812
3813
3814
3815
3829
3834
3839
3845
3847
3847
3848
3855
3864
3865
3866
3867
3872
3879
3880
3888
3888
3894
3895
3898
3901
3902
3903
3905
3906
3908
3909
3909
3909
3911
3912
3913
3916
3918
3921
3922
3923
3925
3925
3933
3933
3937
3939
3941
3945
3947
3953
3953
3961
3962
3965
3966
3968
3972
3973
3974
3974
3977
3978
3978
3985
3986
3986
3994
3997
4003
4003
4010
4013
4015
4016
4017
4017
4021
4025
4027
4029
4035
4035
4038
4040
4041
4042
4043
4044
4048
4051
4052
4053
4053
4060
4064
4064
4068
4068
4069
4070
4074
4080
4080
4082
4083
4086
4087
4087
4096
4097
4097
4102
4104
4105
4108
4109
4110
4111
4115
4117
4118
4120
4123
4125
4126
4132
4134
4136
4137
4139
4140
4140
4151
4156
4160
4163
4163
4164
4164
4170
4176
4180
4181
4183
4186
4189
4189
4190
4191
4192
4193
4196
4196
4201
4201
4206
4207
4208
4208
4211
4211
4214
4215
4217
4219
4220
4221
4221
4222
4225
4231
4231
4232
4233
4233
4233
4242
4247
4252
4259
4263
4264
4268
4272
4277
4278
4280
4283
4283
4284
4295
4295
4298
4298
4302
4303
4305
4306
4307
4310
4310
4310
4311
4311
4311
4313
4314
4320
4321
4322
4323
4324
4329
4330
4332
4332
4335
4335
4336
4340
4341
4343
4352
4355
4355
4364
4365
4366
4367
4369
4373
4374
4375
4376
4377
4382
4383
4386
4388
4389
4391
4391
4391
4393
4395
4401
4403
4408
4414
4418
4420
4424
4430
4432
4434
4435
4436
4437
4441
4441
4441
4442
4445
4448
4450
4457
4459
4462
4465
4468
4468
4469
4472
4474
4475
4476
4476
4476
4477
4478
4480
4486
4486
4490
4492
4493
4496
4496
4497
4498
4499
4499
4502
4503
4506
4506
4508
4512
4514
4514
4515
4520
4520
4521
4525
4529
4533
4538
4545
4548
4548
4552
4552
4558
4559
4559
4561
4562
4563
4565
4567
4570
4572
4573
4573
4573
4574
4575
4576
4581
4582
4585
4585
4585
4586
4587
4592
4594
4597
4598
4598
4599
4600
4602
4604
4612
4612
4613
4615
4615
4617
4617
4621
4624
4627
4636
4638
4639
4644
4650
4654
4662
4663
4664
4666
4672
4673
4675
4676
4677
4689
4689
4692
4696
4697
4703
4703
4704
4707
4711
4718
4720
4721
4726
4729
4729
4729
4733
4738
4738
4739
4739
4747
4751
4752
4753
4753
4757
4760
4761
4761
4766
4770
4777
4783
4786
4791
4806
4808
4810
4810
4813
4821
4828
4829
4830
4832
4833
4835
4836
4836
4837
4842
4843
4860
4867
4868
4868
4871
4871
4871
4875
4875
4882
4883
4892
4893
4901
4902
4906
4906
4907
4908
4909
4911
4911
4917
4918
4926
4928
4928
4930
4931
4933
4938
4939
4946
4956
4957
4958
4968
4968
4969
4969
4971
4972
4972
4972
4974
4975
4975
4977
4977
4979
4980
4980
4980
4984
4985
4988
4992
4995
4997
