1
4
5
6
10
13
14
15
16
17
19
21
23
27
27
31
32
39
40
43
43
45
47
53
58
59
60
70
74
75
80
84
84
86
88
92
92
92
94
97
99
103
105
107
108
113
113
114
115
117
121
123
124
127
130
134
138
138
141
141
142
145
159
161
166
172
173
174
174
175
177
180
183
185
186
187
187
189
189
191
192
196
196
197
198
199
206
208
215
217
217
219
221
222
226
228
234
236
236
238
241
243
244
245
247
248
256
257
257
258
260
261
262
263
264
266
271
277
278
280
282
282
285
286
286
294
296
306
308
309
311
311
312
312
317
319
320
327
329
330
337
339
339
339
340
342
343
345
346
349
352
354
354
357
357
357
372
372
384
386
392
393
395
396
404
404
408
409
411
415
415
418
420
420
420
422
432
439
440
443
444
452
452
454
464
467
469
469
471
474
475
482
485
486
490
491
496
498
500
500
